name: "Elmshorn Bhf"
latitude: 53.7546088
longitude: 9.6586877
radius: 100
icon: mdi:train